36
6 4 80 57 34 246 227 208 250 143 37 50 64 40 238 82 218 165 112 59 92 43 252 207 162 176 89 103 116 129 142 155 130 105 188 272 193 114 35 101 167 233 138 199 260 135 171 58 257 228 268 239 262 200 137 154 171 187 109 201 120 39 64 90 89 88 87 86 117 149 43 91 63 
6 4 80 57 34 246 227 208 250 143 37 50 64 40 238 82 218 165 112 59 92 43 252 207 162 176 89 103 116 129 142 155 130 105 188 272 193 114 35 101 167 233 138 199 260 135 171 58 257 228 268 239 262 200 137 154 171 187 109 201 120 39 64 90 89 88 87 86 117 149 43 91 63 
6 4 80 57 34 246 227 208 250 143 37 50 64 40 238 82 218 165 112 59 92 43 252 207 162 176 89 103 116 129 142 155 130 105 188 272 193 114 35 101 167 233 138 199 260 135 171 58 257 228 268 239 262 200 137 154 171 187 109 201 120 39 64 90 89 88 87 86 117 149 43 91 63 
6 4 80 57 34 246 227 208 250 143 37 50 64 40 238 82 218 165 112 59 92 43 252 207 162 176 89 103 116 129 142 155 130 105 188 272 193 114 35 101 167 233 138 199 260 135 171 58 257 228 268 239 262 200 137 154 171 187 109 201 120 39 64 90 89 88 87 86 117 149 43 91 63 
6 4 80 57 34 246 227 208 250 143 37 50 64 40 238 82 218 165 112 59 92 43 252 207 162 176 89 103 116 129 142 155 130 105 188 272 193 114 35 101 167 233 138 199 260 135 171 58 257 228 268 239 262 200 137 154 171 187 109 201 120 39 64 90 89 88 87 86 117 149 43 91 63 
6 4 80 57 34 246 227 208 250 143 37 50 64 40 238 82 218 165 112 59 92 43 252 207 162 176 89 103 116 129 142 155 130 105 188 272 193 114 35 101 167 233 138 199 260 135 171 58 257 228 268 239 262 200 137 154 171 187 109 201 120 39 64 90 89 88 87 86 117 149 43 91 63 
6 4 80 57 34 246 227 208 250 143 37 50 64 40 238 82 218 165 112 59 92 43 252 207 162 176 89 103 116 129 142 155 130 105 188 272 193 114 35 101 167 233 138 199 260 135 171 58 257 228 268 239 262 200 137 154 171 187 109 201 120 39 64 90 89 88 87 86 117 149 43 91 63 
6 4 80 57 34 246 227 208 250 143 37 50 64 40 238 82 218 165 112 59 92 43 252 207 162 176 89 103 116 129 142 155 130 105 188 272 193 114 35 101 167 233 138 199 260 135 171 58 257 228 268 239 262 200 137 154 171 187 109 201 120 39 64 90 89 88 87 86 117 149 43 91 63 
6 4 80 57 34 246 227 208 250 143 37 50 64 40 238 82 218 165 112 59 92 43 252 207 162 176 89 103 116 129 142 155 130 105 188 272 193 114 35 101 167 233 138 199 260 135 171 58 257 228 268 239 262 200 137 154 171 187 109 201 120 39 64 90 89 88 87 86 117 149 43 91 63 
6 4 80 57 34 246 227 208 250 143 37 50 64 40 238 82 218 165 112 59 92 43 252 207 162 176 89 103 116 129 142 155 130 105 188 272 193 114 35 101 167 233 138 199 260 135 171 58 257 228 268 239 262 200 137 154 171 187 109 201 120 39 64 90 89 88 87 86 117 149 43 91 63 
6 4 80 57 34 246 227 208 250 143 37 50 64 40 238 82 218 165 112 59 92 43 252 207 162 176 89 103 116 129 142 155 130 105 188 272 193 114 35 101 167 233 138 199 260 135 171 58 257 228 268 239 262 200 137 154 171 187 109 201 120 39 64 90 89 88 87 86 117 149 43 91 63 
6 4 80 57 34 246 227 208 250 143 37 50 64 40 238 82 218 165 112 59 92 43 252 207 162 176 89 103 116 129 142 155 130 105 188 272 193 114 35 101 167 233 138 199 260 135 171 58 257 228 268 239 262 200 137 154 171 187 109 201 120 39 64 90 89 88 87 86 117 149 43 91 63 
6 4 80 57 34 246 227 208 250 143 37 50 64 40 238 82 218 165 112 59 92 43 252 207 162 176 89 103 116 129 142 155 130 105 188 272 193 114 35 101 167 233 138 199 260 135 171 58 257 228 268 239 262 200 137 154 171 187 109 201 120 39 64 90 89 88 87 86 117 149 43 91 63 
6 4 80 57 34 246 227 208 250 143 37 50 64 40 238 82 218 165 112 59 92 43 252 207 162 176 89 103 116 129 142 155 130 105 188 272 193 114 35 101 167 233 138 199 260 135 171 58 257 228 268 239 262 200 137 154 171 187 109 201 120 39 64 90 89 88 87 86 117 149 43 91 63 
6 4 80 57 34 246 227 208 250 143 37 50 64 40 238 82 218 165 112 59 92 43 252 207 162 176 89 103 116 129 142 155 130 105 188 272 193 114 35 101 167 233 138 199 260 135 171 58 257 228 268 239 262 200 137 154 171 187 109 201 120 39 64 90 89 88 87 86 117 149 43 91 63 
6 4 80 57 34 246 227 208 250 143 37 50 64 40 238 82 218 165 112 59 92 43 252 207 162 176 89 103 116 129 142 155 130 105 188 272 193 114 35 101 167 233 138 199 260 135 171 58 257 228 268 239 262 200 137 154 171 187 109 201 120 39 64 90 89 88 87 86 117 149 43 91 63 
6 4 80 57 34 246 227 208 250 143 37 50 64 40 238 82 218 165 112 59 92 43 252 207 162 176 89 103 116 129 142 155 130 105 188 272 193 114 35 101 167 233 138 199 260 135 171 58 257 228 268 239 262 200 137 154 171 187 109 201 120 39 64 90 89 88 87 86 117 149 43 91 63 
6 4 80 57 34 246 227 208 250 143 37 50 64 40 238 82 218 165 112 59 92 43 252 207 162 176 89 103 116 129 142 155 130 105 188 272 193 114 35 101 167 233 138 199 260 135 171 58 257 228 268 239 262 200 137 154 171 187 109 201 120 39 64 90 89 88 87 86 117 149 43 91 63 
6 4 80 57 34 246 227 208 250 143 37 50 64 40 238 82 218 165 112 59 92 43 252 207 162 176 89 103 116 129 142 155 130 105 188 272 193 114 35 101 167 233 138 199 260 135 171 58 257 228 268 239 262 200 137 154 171 187 109 201 120 39 64 90 89 88 87 86 117 149 43 91 63 
6 4 80 57 34 246 227 208 250 143 37 50 64 40 238 82 218 165 112 59 92 43 252 207 162 176 89 103 116 129 142 155 130 105 188 272 193 114 35 101 167 233 138 199 260 135 171 58 257 228 268 239 262 200 137 154 171 187 109 201 120 39 64 90 89 88 87 86 117 149 43 91 63 
6 4 80 57 34 246 227 208 250 143 37 50 64 40 238 82 218 165 112 59 92 43 252 207 162 176 89 103 116 129 142 155 130 105 188 272 193 114 35 101 167 233 138 199 260 135 171 58 257 228 268 239 262 200 137 154 171 187 109 201 120 39 64 90 89 88 87 86 117 149 43 91 63 
6 4 80 57 34 246 227 208 250 143 37 50 64 40 238 82 218 165 112 59 92 43 252 207 162 176 89 103 116 129 142 155 130 105 188 272 193 114 35 101 167 233 138 199 260 135 171 58 257 228 268 239 262 200 137 154 171 187 109 201 120 39 64 90 89 88 87 86 117 149 43 91 63 
6 4 80 57 34 246 227 208 250 143 37 50 64 40 238 82 218 165 112 59 92 43 252 207 162 176 89 103 116 129 142 155 130 105 188 272 193 114 35 101 167 233 138 199 260 135 171 58 257 228 268 239 262 200 137 154 171 187 109 201 120 39 64 90 89 88 87 86 117 149 43 91 63 
6 4 80 57 34 246 227 208 250 143 37 50 64 40 238 82 218 165 112 59 92 43 252 207 162 176 89 103 116 129 142 155 130 105 188 272 193 114 35 101 167 233 138 199 260 135 171 58 257 228 268 239 262 200 137 154 171 187 109 201 120 39 64 90 89 88 87 86 117 149 43 91 63 
6 4 80 57 34 246 227 208 250 143 37 50 64 40 238 82 218 165 112 59 92 43 252 207 162 176 89 103 116 129 142 155 130 105 188 272 193 114 35 101 167 233 138 199 260 135 171 58 257 228 268 239 262 200 137 154 171 187 109 201 120 39 64 90 89 88 87 86 117 149 43 91 63 
6 4 80 57 34 246 227 208 250 143 37 50 64 40 238 82 218 165 112 59 92 43 252 207 162 176 89 103 116 129 142 155 130 105 188 272 193 114 35 101 167 233 138 199 260 135 171 58 257 228 268 239 262 200 137 154 171 187 109 201 120 39 64 90 89 88 87 86 117 149 43 91 63 
6 4 80 57 34 246 227 208 250 143 37 50 64 40 238 82 218 165 112 59 92 43 252 207 162 176 89 103 116 129 142 155 130 105 188 272 193 114 35 101 167 233 138 199 260 135 171 58 257 228 268 239 262 200 137 154 171 187 109 201 120 39 64 90 89 88 87 86 117 149 43 91 63 
6 4 80 57 34 246 227 208 250 143 37 50 64 40 238 82 218 165 112 59 92 43 252 207 162 176 89 103 116 129 142 155 130 105 188 272 193 114 35 101 167 233 138 199 260 135 171 58 257 228 268 239 262 200 137 154 171 187 109 201 120 39 64 90 89 88 87 86 117 149 43 91 63 
6 4 80 57 34 246 227 208 250 143 37 50 64 40 238 82 218 165 112 59 92 43 252 207 162 176 89 103 116 129 142 155 130 105 188 272 193 114 35 101 167 233 138 199 260 135 171 58 257 228 268 239 262 200 137 154 171 187 109 201 120 39 64 90 89 88 87 86 117 149 43 91 63 
6 4 80 57 34 246 227 208 250 143 37 50 64 40 238 82 218 165 112 59 92 43 252 207 162 176 89 103 116 129 142 155 130 105 188 272 193 114 35 101 167 233 138 199 260 135 171 58 257 228 268 239 262 200 137 154 171 187 109 201 120 39 64 90 89 88 87 86 117 149 43 91 63 
6 4 80 57 34 246 227 208 250 143 37 50 64 40 238 82 218 165 112 59 92 43 252 207 162 176 89 103 116 129 142 155 130 105 188 272 193 114 35 101 167 233 138 199 260 135 171 58 257 228 268 239 262 200 137 154 171 187 109 201 120 39 64 90 89 88 87 86 117 149 43 91 63 
6 4 80 57 34 246 227 208 250 143 37 50 64 40 238 82 218 165 112 59 92 43 252 207 162 176 89 103 116 129 142 155 130 105 188 272 193 114 35 101 167 233 138 199 260 135 171 58 257 228 268 239 262 200 137 154 171 187 109 201 120 39 64 90 89 88 87 86 117 149 43 91 63 
6 4 80 57 34 246 227 208 250 143 37 50 64 40 238 82 218 165 112 59 92 43 252 207 162 176 89 103 116 129 142 155 130 105 188 272 193 114 35 101 167 233 138 199 260 135 171 58 257 228 268 239 262 200 137 154 171 187 109 201 120 39 64 90 89 88 87 86 117 149 43 91 63 
6 4 80 57 34 246 227 208 250 143 37 50 64 40 238 82 218 165 112 59 92 43 252 207 162 176 89 103 116 129 142 155 130 105 188 272 193 114 35 101 167 233 138 199 260 135 171 58 257 228 268 239 262 200 137 154 171 187 109 201 120 39 64 90 89 88 87 86 117 149 43 91 63 
6 4 80 57 34 246 227 208 250 143 37 50 64 40 238 82 218 165 112 59 92 43 252 207 162 176 89 103 116 129 142 155 130 105 188 272 193 114 35 101 167 233 138 199 260 135 171 58 257 228 268 239 262 200 137 154 171 187 109 201 120 39 64 90 89 88 87 86 117 149 43 91 63 
7 31 96 68 40 249 240 230 270 178 52 83 79 52 245 100 223 173 122 72 122 62 273 227 182 179 124 103 117 131 145 159 138 118 218 283 212 140 69 125 183 239 158 221 284 168 174 63 267 253 279 260 286 210 169 174 178 218 139 219 129 39 87 99 97 95 94 93 145 161 55 106 83 
