36
6 4 80 57 34 246 227 208 250 143 37 50 64 40 238 82 218 165 112 59 92 43 252 207 162 176 89 103 116 129 142 155 130 105 188 272 193 114 35 101 167 233 138 199 260 135 171 58 257 228 268 239 262 200 137 154 171 187 109 201 120 39 64 90 89 88 87 86 117 149 43 91 63 
6 4 80 57 34 246 227 208 250 144 37 50 64 40 238 82 218 165 112 59 92 43 252 207 162 176 90 103 116 129 142 155 130 105 188 272 193 114 35 101 167 233 138 199 260 135 171 58 257 228 268 239 262 200 137 154 171 187 109 201 120 39 64 90 89 88 87 86 117 149 43 91 63 
6 4 80 57 34 246 227 208 250 144 37 50 64 40 238 82 218 165 112 59 92 43 252 207 162 176 90 103 116 129 142 155 130 105 188 272 193 114 36 101 167 233 138 199 260 135 171 58 257 228 268 239 262 200 137 154 171 187 109 201 120 39 64 90 89 88 87 86 117 149 43 91 63 
6 4 80 57 34 246 227 208 250 144 37 51 64 40 238 82 218 165 112 59 92 43 252 207 162 176 90 103 116 129 142 155 130 105 188 272 193 114 36 101 167 233 138 199 260 136 171 58 257 228 268 239 262 200 137 154 171 187 109 201 120 39 64 90 89 88 87 86 117 149 43 91 63 
6 4 80 57 34 246 227 208 250 144 37 51 64 40 238 82 218 165 112 59 92 43 252 207 162 176 90 103 116 129 142 155 130 105 188 272 193 114 36 101 167 233 138 199 260 136 171 58 257 228 268 239 262 200 138 154 171 187 109 201 120 39 64 90 89 88 87 86 117 149 43 91 63 
6 4 80 57 34 246 227 208 250 144 37 51 64 40 238 82 218 165 112 59 92 43 252 207 162 176 90 103 116 129 142 155 130 105 188 272 193 114 36 101 167 233 138 199 260 136 171 58 257 228 268 239 262 200 138 154 171 188 109 201 120 39 64 90 89 88 87 86 117 149 43 91 63 
6 4 80 57 34 246 227 208 250 144 37 51 64 40 238 82 218 165 112 59 93 43 252 207 162 176 90 103 116 129 142 155 130 105 189 272 193 114 36 101 167 233 138 199 260 136 171 58 257 228 268 239 262 200 138 154 171 188 110 201 120 39 64 90 89 88 87 86 117 149 43 91 63 
6 4 80 57 34 246 227 208 250 144 37 51 64 40 238 82 218 165 112 59 93 43 252 207 162 176 90 103 116 129 142 155 130 105 189 272 193 114 36 101 167 233 138 199 260 136 171 58 257 228 268 239 262 200 138 154 171 188 110 201 120 39 64 90 89 88 87 86 117 149 43 91 63 
6 4 80 57 34 246 227 208 250 144 37 51 64 40 238 82 218 165 112 59 93 43 252 207 162 176 90 103 116 129 142 155 130 105 189 272 193 114 36 101 167 233 138 199 260 136 171 58 257 228 268 239 262 200 138 154 171 188 110 201 120 39 64 90 89 88 87 86 118 149 43 91 63 
6 5 80 57 34 246 227 208 250 144 37 51 64 40 238 82 218 165 112 59 93 43 252 207 162 176 90 103 116 129 142 155 130 105 189 272 193 114 36 101 167 233 138 199 260 136 171 58 257 228 268 239 262 200 138 154 171 188 110 201 120 39 64 90 89 88 87 86 118 149 43 91 63 
6 5 80 57 34 246 227 208 250 144 37 51 64 40 238 82 218 165 112 59 93 43 252 207 162 176 90 103 116 129 142 155 130 105 189 272 193 115 36 101 167 233 138 199 260 136 171 58 257 228 268 239 262 200 138 154 171 188 110 201 120 39 64 90 89 88 87 86 118 149 43 91 63 
6 5 80 57 34 246 227 208 250 144 37 51 64 40 238 82 218 165 112 59 93 43 252 207 162 176 90 103 116 129 142 155 130 105 189 272 193 115 36 101 167 233 138 199 260 136 171 58 257 229 268 239 262 200 138 154 171 188 110 201 120 39 64 90 89 88 87 86 118 149 43 91 63 
6 5 80 57 34 246 227 208 250 144 37 51 64 40 238 82 218 165 112 59 93 43 252 207 162 176 90 103 116 129 142 155 130 105 189 272 193 115 36 102 167 233 138 199 261 136 171 58 257 229 268 239 263 200 138 154 171 188 110 201 120 39 64 90 89 88 87 86 118 149 43 91 63 
6 5 80 57 34 246 227 208 250 144 37 51 64 40 238 82 218 165 112 59 93 43 252 207 162 176 90 103 116 129 142 155 130 105 189 272 193 115 36 102 167 233 138 199 261 136 171 58 257 229 268 239 263 200 138 154 171 188 110 201 120 39 65 90 89 88 87 86 118 149 43 91 63 
6 5 80 57 34 246 227 209 250 144 37 51 64 40 238 82 218 165 112 59 93 43 252 207 162 176 90 103 116 129 142 155 130 105 189 272 193 115 36 102 167 233 138 200 261 136 171 58 257 229 268 239 263 200 138 154 171 188 110 201 120 39 65 90 89 88 87 86 118 149 43 91 63 
6 5 80 57 34 246 227 209 250 144 37 51 64 40 238 82 218 165 112 59 93 43 253 207 162 176 90 103 116 129 142 155 130 105 189 272 193 115 36 102 167 233 138 200 261 136 171 58 257 229 268 240 263 200 138 154 171 188 110 201 120 39 65 90 89 88 87 86 118 149 43 91 63 
6 5 80 57 34 246 227 209 251 144 37 51 64 40 238 82 218 165 112 59 93 43 253 208 163 176 90 103 116 129 142 155 130 105 189 272 193 115 36 102 167 233 139 200 261 136 171 58 257 229 268 240 263 200 138 155 171 188 110 201 120 39 65 90 89 88 87 86 118 149 43 91 64 
6 5 80 57 34 246 227 209 251 144 37 51 64 40 238 82 218 165 112 59 93 44 253 208 163 176 90 103 116 129 142 155 130 105 189 272 194 115 36 102 167 233 139 200 261 136 171 58 257 229 268 240 263 200 138 155 171 188 110 201 120 39 65 90 89 88 87 86 118 149 43 91 64 
6 5 80 57 34 246 227 209 251 144 37 51 64 40 238 83 218 165 112 59 93 44 253 208 163 176 90 103 116 129 142 155 130 105 189 272 194 115 36 102 167 233 139 200 261 136 171 58 257 229 268 240 263 200 138 155 171 188 110 202 120 39 65 90 89 88 87 86 118 149 43 91 64 
6 5 80 57 34 246 227 209 251 144 37 51 64 40 238 83 218 165 112 59 93 44 253 208 163 176 90 103 116 129 142 155 130 105 189 272 194 115 36 102 167 233 139 200 261 136 171 58 257 229 268 240 263 200 138 155 171 188 110 202 120 39 65 90 89 88 87 86 118 149 43 91 64 
6 5 81 57 34 246 227 209 251 144 37 51 64 40 238 83 218 165 112 59 93 44 253 208 163 176 90 103 116 129 142 155 130 105 189 272 194 115 36 102 168 233 139 200 261 136 171 58 257 229 268 240 263 200 138 155 171 188 110 202 120 39 65 90 89 88 87 86 118 149 43 91 64 
6 5 81 57 34 246 227 209 251 144 38 51 65 40 238 83 218 165 112 59 93 44 253 208 163 176 90 103 116 129 142 155 130 105 189 272 194 115 36 102 168 233 139 200 261 136 171 58 257 229 268 240 263 200 138 155 171 188 110 202 120 39 65 90 89 88 87 86 118 149 43 92 64 
6 5 81 57 34 246 227 209 251 144 38 51 65 40 238 83 218 165 112 59 93 44 253 208 163 176 90 103 116 129 142 155 130 105 189 272 194 115 36 102 168 233 139 200 261 136 171 58 257 229 268 240 263 200 138 155 171 188 110 202 120 39 65 90 89 88 87 86 118 149 43 92 64 
6 5 81 57 34 246 228 209 251 144 38 51 65 40 238 83 218 165 112 60 93 44 253 208 163 176 90 103 116 129 142 155 130 106 189 272 194 115 36 102 168 233 139 200 261 136 171 58 257 229 268 240 263 200 138 155 171 188 110 202 120 39 65 90 89 88 87 86 118 149 43 92 64 
6 5 81 57 34 246 228 209 251 144 38 51 65 41 238 83 218 165 112 60 93 44 253 208 163 176 90 103 116 129 142 155 130 106 189 272 194 115 36 102 168 233 139 200 261 136 171 58 257 229 268 240 263 200 138 155 171 188 110 202 120 39 65 90 89 88 87 86 118 150 44 92 64 
6 5 81 58 34 246 228 209 251 144 38 51 65 41 238 83 218 165 112 60 93 44 253 208 163 176 90 103 116 129 142 155 130 106 189 273 194 115 36 102 168 233 139 200 261 136 171 58 257 229 269 240 263 200 138 155 171 188 110 202 120 39 65 90 89 88 87 86 118 150 44 92 64 
6 5 81 58 34 246 228 209 251 144 38 51 65 41 238 83 218 165 113 60 93 44 253 208 163 176 90 103 116 129 142 155 130 106 189 273 194 115 36 102 168 233 139 200 261 136 171 58 258 229 269 240 263 201 138 155 171 188 110 202 120 39 65 90 89 88 87 86 118 150 44 92 64 
6 5 81 58 34 246 228 209 251 144 38 51 65 41 238 83 218 165 113 60 93 44 253 208 163 176 90 103 116 129 142 155 130 106 189 273 194 115 36 102 168 233 139 200 261 136 171 58 258 229 269 240 263 201 138 155 171 188 110 202 121 39 65 91 89 88 87 86 118 150 44 92 64 
6 5 81 58 34 246 228 209 251 144 38 51 65 41 238 83 218 166 113 60 93 44 253 208 163 176 90 103 116 129 142 155 131 106 189 273 194 115 36 102 168 233 139 200 261 136 171 58 258 229 269 240 263 201 138 155 171 188 110 202 121 39 65 91 90 88 87 86 118 150 44 92 64 
6 5 81 58 34 246 228 209 251 144 38 51 65 41 239 83 218 166 113 60 93 44 253 208 163 176 90 103 116 129 142 155 131 106 189 273 194 115 36 102 168 233 139 200 261 136 171 58 258 229 269 240 263 201 138 155 172 188 110 202 121 39 65 91 90 89 88 87 118 150 44 92 64 
6 5 81 58 35 246 228 209 251 144 38 51 65 41 239 83 218 166 113 60 93 44 253 208 163 176 90 103 116 129 142 155 131 106 189 273 194 115 36 102 168 234 139 200 261 136 171 58 258 229 269 240 263 201 138 155 172 188 110 202 121 39 65 91 90 89 88 87 118 150 44 92 64 
6 5 81 58 35 246 228 209 251 144 38 51 65 41 239 83 219 166 113 60 93 44 253 208 163 176 90 103 116 129 142 155 131 106 189 273 194 115 36 102 168 234 139 200 261 136 171 59 258 229 269 240 263 201 138 155 172 188 110 202 121 39 65 91 90 89 88 87 118 150 44 92 64 
6 5 81 58 35 246 228 209 251 144 38 51 65 41 239 83 219 166 113 60 93 44 253 208 163 176 90 103 116 129 142 156 131 106 189 273 194 115 36 102 168 234 139 200 261 136 171 59 258 229 269 240 263 201 138 155 172 188 110 202 121 39 65 91 90 89 88 87 118 150 44 92 64 
6 5 81 58 35 247 228 209 251 144 38 51 65 41 239 83 219 166 113 60 93 44 253 208 163 177 90 103 116 129 143 156 131 106 189 273 194 115 36 102 168 234 139 200 261 136 172 59 258 229 269 240 263 201 138 155 172 188 110 202 121 39 65 91 90 89 88 87 118 150 44 92 64 
6 5 81 58 35 247 228 209 251 144 38 51 65 41 239 83 219 166 113 60 93 44 253 208 163 177 90 103 116 130 143 156 131 106 189 273 194 115 36 102 168 234 139 200 261 136 172 59 258 229 269 240 263 201 138 155 172 188 110 202 121 39 65 91 90 89 88 87 118 150 44 92 64 
7 5 81 58 35 247 228 209 251 144 38 51 65 41 239 83 219 166 113 60 93 44 253 208 163 177 90 103 117 130 143 156 131 106 189 273 194 115 36 102 168 234 139 200 261 136 172 59 258 229 269 240 263 201 138 155 172 188 110 202 121 39 65 91 90 89 88 87 118 150 44 92 64 
