312
1
1
1
46
86
98
98
99
100
92
93
96
90
95
96
98
101
101
103
99
95
98
101
101
93
100
100
100
93
100
94
104
100
96
97
99
100
93
92
109
97
94
95
99
101
104
99
98
102
97
96
109
101
104
104
103
106
105
101
96
95
99
96
96
99
104
96
101
110
100
103
101
98
97
99
99
99
101
102
106
94
103
93
101
98
100
93
104
97
99
99
108
102
99
97
104
87
99
102
101
106
101
95
101
96
95
99
102
106
104
94
101
106
113
102
103
104
102
104
97
102
99
99
98
97
110
100
109
100
100
99
100
114
103
94
104
101
101
100
103
103
104
103
101
102
97
107
107
102
98
109
103
98
102
107
98
101
105
106
101
105
107
113
102
108
112
102
106
95
107
96
103
101
118
97
108
110
98
109
109
101
102
106
99
99
98
105
101
106
106
103
103
105
101
98
104
100
110
101
96
99
99
101
97
105
109
104
109
101
110
112
109
111
97
110
109
105
106
99
100
107
105
102
105
105
105
98
99
102
106
107
117
106
107
101
101
105
103
105
101
98
100
102
106
102
102
104
101
103
105
107
100
105
109
104
106
101
109
105
105
102
113
106
113
107
97
103
105
113
114
114
108
102
96
105
116
117
101
104
102
99
104
102
103
113
105
103
104
102
111
110
105
105
105
111
114
108
100
105
101
103
109
103
110
106
102
103
102
108
100
111
101
104
103
105
104
112
103
111
105
101
104
99
108
99
101
117
107
105
109
117
105
102
112
108
111
101
102
111
103
104
103
105
108
103
106
108
110
100
110
105
110
107
108
106
106
112
103
108
106
105
102
105
106
115
108
106
100
102
105
106
105
101
100
104
103
111
107
108
103
106
103
113
103
106
109
108
100
116
104
99
102
109
113
108
111
105
105
107
109
101
107
106
111
110
105
104
103
103
108
106
114
108
115
103
110
112
103
107
105
95
107
113
114
101
104
106
111
105
103
107
110
111
109
109
106
103
113
111
109
107
109
105
102
116
106
109
115
107
109
103
105
108
110
103
115
116
105
102
124
108
111
105
110
108
116
108
112
109
113
110
104
107
107
101
112
108
110
111
108
112
100
105
106
106
104
106
116
108
110
120
108
109
112
110
108
112
112
103
116
109
100
103
107
111
100
114
105
116
126
112
109
104
110
104
114
105
113
109
106
109
111
105
111
110
107
107
108
108
103
107
108
108
114
106
103
107
116
105
113
105
110
106
116
101
119
103
114
111
110
116
104
107
123
110
118
120
115
99
125
109
119
111
114
111
106
115
111
111
114
105
110
118
113
102
110
112
107
104
107
116
107
107
116
105
115
119
120
108
111
109
109
116
113
118
107
111
112
101
112
113
103
106
109
105
111
107
110
103
112
123
119
107
111
114
107
112
126
109
103
109
113
114
114
117
107
103
106
108
108
106
109
111
110
112
114
110
107
114
115
115
109
115
110
111
107
114
118
114
109
123
119
109
111
114
113
120
112
113
120
114
120
113
130
115
120
114
109
113
107
114
123
117
114
111
121
120
114
116
112
123
114
118
111
111
121
109
108
111
112
116
129
114
113
114
122
114
113
115
116
113
122
119
112
116
123
115
127
116
116
121
113
114
124
110
125
118
117
117
112
123
110
108
124
125
118
121
116
114
117
117
121
121
137
118
125
131
114
111
112
138
126
133
126
117
132
117
105
147
121
156
138
162
136
160
156
170
144
147
155
164
147
157
132
141
155
152
187
119
120
152
170
155
130
130
204
159
145
156
161
126
205
199
216
168
161
157
155
149
116
138
164
111
159
239
185
170
151
133
146
367
120
144
135
161
166
111
234
158
192
211
242
201
168
201
816
